0.009857284608708605
9.914291609902648E-14
3.154778613501108E-5
0.007396040334274101
3.136436589890046E-6
1.3677947663381929E-13
5.413447468072263E-13
1.1369524210991244E-9
5.015987625256457E-13
0.007396040335537979
3.3173463975799677E-13
0.0073960403343011905
9.213687590658992E-9
7.382983113757291E-14
3.1030733538273125E-13
0.012320988875364813
0.009857284608286832
1.8340728935584139E-10
1.0086376178719547E-12
1.2578826869003024E-13
3.381241826638792E-5
0.01231607251934086
0.007396040334286091
1.3744561044859438E-13
0.007396040334163745
1.4099832412739488E-13
5.917488721252084E-13
6.483702463810914E-14
2.2259971643734389E-13
0.012320988877515648
