17.44361021393797
14.841783628714794
14.729850915541583
15.020630693291709
1.4463443326848067
13.96504400524161
15.266571061113055
12.826437648275924
4.628179703434848
17.27255983153566
14.763464009162156
11.58811032779906
14.489545414872339
14.810722078151704
14.820926868843909
10.541623700625836
14.377547728283174
14.94364819814107
14.97784052774914
5.451575584986142
14.622660550211291
14.344520508093902
15.255945678128798
1.5234949702111686
15.43230542780387
8.890470187654222
10.365845587395848
13.901451510118967
14.464898578147341
15.130394925735315
