8.96395431987228E7
2.1833636829206783E7
1.889210852618889E7
1.4488373519342778E7
1.1607382049881337E7
9107239.19447991
7110619.989561532
5985029.130504324
4921711.869972924
3955002.626018354
3190820.1179041467
2580568.7942812373
2231961.2169773364
1884739.619191637
1605404.724605938
1355402.2655154304
1136937.218003326
931724.1474742095
841310.6706570976
710141.7496033381
612422.8984660899
532102.581552899
488010.7185099085
443687.0664930939
413066.53491971636
355049.6944700365
293220.9796523362
263895.816211397
237581.7903190968
206562.23194928694
181776.05610375566
164228.74741448928
144671.7505360797
133314.19537950997
116881.82910744163
104722.28748371272
94708.41345817858
84683.16455586875
76254.2034074766
66940.91050918121
60240.98970201126
56555.5097176047
50630.61330342187
45351.97159931099
42774.64004210618
37267.88577894834
35049.94842134877
32606.31664093393
29308.84924146173
25586.3995539415
23658.367347441705
21420.668812459055
18928.366163988245
18280.263009719416
17301.26514416109
15875.503517835723
13295.815731545377
12870.717419312494
11473.54881962259
9969.92620354152
8463.726983119654
7686.552534721006
6954.734563481209
6594.5593406427315
6100.65466354016
5303.758679620983
4737.776173830719
4193.715483905725
3969.3202454393145
3538.681049573944
3247.0256088679007
3055.6196455792588
2835.6746509028026
2511.455903062425
2259.787684523646
2055.1198624476892
1739.6132755794092
1599.7698776098741
1518.3740820207918
1433.1265766597173
1323.0190011437944
1250.2981378238287
1143.4973905195247
1077.2621688193237
977.6930834817808
908.4958366397999
852.918657904339
822.7468156878907
776.5522530647759
693.9668459783762
642.2613192483986
613.1845224528017
569.2493227943364
549.807853305563
512.7209609915334
490.3269810300609
463.90853954591864
443.0548027777889
410.4641041630663
372.22756365338824
362.2235423144938
341.9135444854461
323.71541572034397
303.79334795996147
294.24141252172893
287.09048871852013
271.7773695595476
262.75554458623026
253.43705667896452
241.80106529438848
226.1835700725284
215.15209395355112
206.47224220253568
200.40868431231868
193.22065972079335
185.53205756632113
178.47823456956252
171.24409927534637
167.08626173817973
160.4284712511332
150.0719859611005
146.59021097444838
142.94583935526026
138.3642695784551
134.4329681107245
130.1628192504528
123.93646094927752
120.25636653821667
115.56302849338358
112.72067208749134
109.43583468252513
107.83858982661599
103.46363764607509
98.73017649132156
96.62551001374625
94.21675393755204
91.30824154054261
88.95089444366543
85.69790002743137
83.47337953029222
82.03274805638563
80.4883348029003
79.26247104797804
78.19511134245985
76.838055748236
75.05743561132995
72.36234896318541
69.52823742066865
66.99304360020548
65.86233208477611
63.66075488174015
61.68266760340407
59.5262492164753
57.60071869575153
56.15945312411974
54.509450760138215
53.620526583218506
52.64869943144026
51.46119180913527
50.44907319830672
49.97696437335701
48.606663934409326
47.56769012371043
47.337729567736865
46.473037985423744
45.7007538303526
44.9512211480858
43.98586399238514
43.09079946251852
42.07200996163309
41.51532755047409
40.75406271396995
40.37462128046473
39.3018460245279
38.65052100826607
37.95248510376052
37.37244456986017
36.82496597890679
36.366820348339
35.99272914032109
35.56209793340868
35.21619004310182
34.73407484974277
34.17246362924312
33.57678345732801
33.279503024256904
32.919250642795014
32.2309631320435
31.7975173243526
31.56488659600597
31.25392574697684
31.00909869569897
30.703755339228127
30.094268971734916
29.878189251058803
29.376557729088056
29.075177911473233
28.831157590430443
28.64260259362508
28.202272338540364
27.95369649502935
27.803897243918176
27.647094228259792
27.47975249101115
27.412379891137856
26.933993284405158
26.687113223714615
26.55044020956606
26.404221948745526
26.32610796663524
26.10385561197244
25.95620767191203
25.910084420182645
25.82506754163309
25.6487741479532
25.576126875320714
25.539771670753236
25.310116715731745
25.20834665633357
25.038773762947862
24.870118146257067
24.815622201072525
24.78369916381968
24.47135916125604
24.364697272735775
24.303771862948636
24.228723803947215
24.079842144008147
23.95902241429174
23.85145129531012
23.808939540165692
23.644007402209045
23.470049282907446
23.45000428409245
23.146343434629507
23.11043654314051
23.069973182102853
23.041941604188445
23.004370208520974
22.99161308303576
22.868050337131717
22.84797997340991
22.817725451720282
22.77981630886076
22.757436905394506
22.739597309246445
22.695142733612713
22.640404487836364
22.602749696448637
22.52771922581428
22.490679824808954
22.405103588800788
22.381183174487667
22.329178206485725
22.299122908890876
22.257579948973223
22.226893376106446
22.179371797343553
22.16978108710825
22.147750390271376
22.097484258940188
22.045782545462263
22.000234741496524
21.97853758584151
21.96290659396597
21.910881979220868
21.883669727193656
21.84496702369379
21.807895756591815
21.753785044267115
21.731780523204392
21.704890439793363
21.667601260688443
21.656440309930886
21.63007416298437
21.562416045122212
21.549073784514814
21.540187316629506
21.528410621260928
21.51593556988154
21.497062135688147
21.474690378047537
21.455328556184764
21.4317554063718
21.412002936431296
21.39772917010198
21.389257288135443
21.378810791100936
21.366219557578244
21.334805258464257
21.32370057317401
21.303888820366254
21.29259826205926
21.277473463577728
21.2605331023001
21.242068268936528
21.23257750407816
21.202646741564994
21.192833812552983
21.170186833155075
21.148021402985034
21.12731154347465
21.111561598404673
21.09750766613598
21.089787889529855
21.07475968341878
21.06323414550769
21.04450735997876
21.035056189597857
21.017760086381266
21.00443649977889
20.983503079846397
20.972149129901293
20.936681072396787
20.919135913275607
20.904083580897556
20.88712482855082
20.873395349623333
20.86404100480137
20.834285949414387
20.81800842472064
20.79180855402726
20.78374797921727
20.77750237033826
20.746162177954822
20.74004530089975
20.717926219017183
20.700456033091584
20.6881934661446
20.673094311841268
20.657753811176764
20.593732891964134
20.573883688230296
20.566211907688032
20.53635835668103
20.520125414819095
20.511986064496803
20.495636859357507
20.48757191657767
20.465225137345993
20.44642747226675
20.431348743533395
20.408632932596333
20.384891607241524
20.364478592804403
20.3616849127766
20.354061640170947
20.333379092268526
20.323224739950184
20.313021629351525
20.294143731477117
20.289798174168435
20.280067094786418
20.270855629515456
20.261985310997908
20.252201341977386
20.24100703798173
20.228505997412388
20.21814900626843
20.204066118564892
20.196995220327004
20.18703206181158
20.174247903813146
20.147523706542586
20.135188507330685
20.127520915227443
20.115877444943486
20.104362465586306
20.088766515957158
20.080207420627037
20.075489019283683
20.070618998758068
20.05554602166547
20.026883961582357
20.021003570910178
19.999373492259032
19.98412987833868
19.971720557315503
19.952582333506193
19.947931459964398
19.937334927311657
19.930802646930093
19.895298606808538
19.859406243024168
19.850961706948215
19.83813756439055
19.820168675080463
19.784352987205068
19.77100076592058
19.755639433896974
19.750569103776225
19.72978667633621
19.724934170605568
19.71872670084107
19.673939147871735
19.609315878962196
19.561222083117055
19.44701987626588
19.432660536351715
19.424458450576626
19.41599877392384
19.355431820867512
19.340519690571227
19.33496009145114
19.306813590553997
19.256270619239874
19.148511162091168
19.146214509595993
19.140399728199515
19.117673921102035
19.06170335578894
19.023781139460645
18.88724442479635
18.77042408224388
18.72127916445163
18.538287213349683
18.40141476605797
18.25210979801909
17.86252179188602
17.723740926109105
17.499077078405143
17.489230327819524
17.478937022529987
17.40964316476778
17.378272288160254
17.371564238164044
17.36282182004578
17.238695023603224
17.131808517294406
16.680217773269728
16.663485649256764
16.65908271008588
16.289851080443217
16.257290697314875
16.183948824680545
16.15858312119983
16.016326041389988
15.695529633942357
15.56413950251877
15.318882920549424
15.190709180106069
15.01684416204564
14.915677792057801
14.843048337535
14.808995100053192
14.505185624505465
14.497839636599245
14.477859153145149
14.311954325160318
14.141553045370719
14.134888067043079
14.069348843185931
14.063246967696097
14.029401986088537
14.002557003308173
13.914264560898271
13.779889321072956
13.662983874392186
13.628391612237944
13.580450849663134
13.574308678038317
13.487417788084967
13.312776180345773
13.285395166703433
13.271223247509937
13.263800892864413
13.258407688376035
13.251493557145029
13.207479273390884
13.193918234090278
13.174238885498932
13.137639508933871
13.125090030975375
13.093236374225707
13.024200241813437
12.982877259914158
12.977098445441948
12.969531364061089
12.955998472098493
12.936093805093094
12.928327584263831
12.918307580713
12.911174292347573
12.904609161027853
12.896132280145492
12.863066465795251
12.849326319962723
12.840485964034745
12.83173769858934
12.824617441592883
12.800680457044605
12.795614184529276
12.792970457990872
12.777890864578163
12.773647308097098
12.764859657098109
12.758279116160583
12.746274652330492
12.741217550860553
12.737933479862907
