1.7269299191210188
1.350017445002346
1.3242726179703925
1.2891847451797485
1.2602354273083345
1.2281047729713146
1.1958777243895642
1.1802421498285753
1.157427908507997
1.1428194977590935
1.1281930985082265
1.1144279619133706
1.100530977214126
1.09306403959465
1.084333412902901
1.0756365984015848
1.0703012837928596
1.0646495339468314
1.0590498936539972
1.0529818246793547
1.049925199537631
1.0444351296744752
1.042515781489347
1.0388588066013138
1.035989964780349
1.0319413943801776
1.0282340246436406
1.0219231998840168
1.018145554940267
1.0149916587997805
1.0106509540924826
1.0044159173358895
0.9988313737998096
0.9920708099218171
0.9883007492032351
0.9766605954891134
0.9641945225874949
0.9584849188798426
0.9485478302252394
0.930977275663578
0.9132052392814111
0.9016288852133766
0.8924698196807238
0.8872346111286371
0.87621832305249
0.8586865813326449
0.8376961845186661
0.8286342100334619
0.8041479253232596
0.7900148133056053
0.7683203127970973
0.7502197525385683
0.7359028663292833
0.6968638611108211
0.6725013361630093
0.655706186735189
0.6383329763328154
0.6307409712937795
0.615589730420149
0.5926672227469487
0.5716233687017401
0.5465828436220086
0.5333426440650377
0.5168195172794434
0.5047913440492485
0.4683258342535652
0.45267105320841305
0.4379419467511195
0.4193688696610361
0.4076853033744241
0.3898644582848897
0.37087866272854775
0.3566700553682866
0.3363544149610759
0.3260769022891619
0.31298150103327177
0.2943272735961827
0.2719157448553089
0.2587609677084161
0.24540581479048568
0.23616570200709872
0.2274750737527625
0.21370600751111316
0.20570954177784356
0.19619631142318184
0.18263755963814307
0.1720231166910209
0.16362312638419724
0.15126211801107553
0.14706561762414974
0.13937415100443443
0.13384936896463315
0.12513811616597492
0.1212636356197191
0.11507989416357303
0.11090077271988018
0.10528164815525272
0.09532496599244737
0.09115961163283857
0.08465076587194362
0.08053411954300026
0.07632772163409954
0.07176404243043809
0.06777284985225347
0.0648540788937919
0.06074856749516876
0.05772660286889376
0.05497036772353526
0.052071243218681396
0.05027073284721457
0.047616162249456355
0.04473729511909215
0.0423556292857429
0.040713365304668944
0.039334058325092056
0.037148299550431606
0.035118049479063114
0.03306699117684822
0.031383683012302876
0.030756586826529937
0.02951207198944435
0.027916824767875343
0.02722015844941316
0.026563372972149068
0.02551247234656956
0.02401138613643191
0.023095339404621978
0.021995820892709662
0.021214864590142136
0.020306005681534633
0.019469718170932106
0.018764657451018234
0.01785169197520748
0.01709492391634465
0.016662108683144175
0.01608725398809119
0.015484412987085491
0.014800325330949712
0.014411090834066517
0.013559431170037946
0.012906612503526134
0.01248393179803086
0.012060122724627132
0.01146282364774444
0.0109623193076216
0.010333695949208391
0.009884362685318856
0.00963621362041425
0.009396473089450848
0.009297397662133696
0.009085238859845902
0.008858872652124601
0.008506120223698
0.008274666187865706
0.007812941205641511
0.007688686351119792
0.007591408383843523
0.007362788594835379
0.00726577784485359
0.007152119628968293
0.007044507780990746
0.006861880419705953
0.006777122747542474
0.00671389733846072
0.006624237735194657
0.0065599903917233585
0.006431436107413731
0.006319780896641373
0.00627803992373365
0.006169786095380262
0.006084945039850857
0.006024000898152152
0.0059232424440264185
0.00589431223989965
0.005850827607455233
0.005814614673344735
0.005712500764297786
0.005679610440382998
0.005661649088838642
0.005626250289120371
0.005574077356976552
0.005556749768791155
0.0055248231444375885
0.005497917074648954
0.005471008313593229
0.005445788966675366
0.005411443136468419
0.005382400281249515
0.005361611128599789
0.005325938717193635
0.005300908079054534
0.005284009603555743
0.005259788662582084
0.005239145028115836
0.005223138755656894
0.005216877506306298
0.005209075489624896
0.005194228229204807
0.00518526144625359
0.0051700753459056415
0.00516587669983319
0.005156927062758432
0.005146785754944542
0.00514033350023817
0.0051316395815848015
0.005125311319921544
0.005118191554511131
0.00511520347254751
0.005106750150999791
0.005099057888321875
0.005095801408811277
0.005089480281821797
0.0050849465704394265
0.005079397211410401
0.005074767127362068
0.0050729511212499025
0.005067369795346214
0.005063776097919648
0.00506038769060505
0.005057856002933292
0.005056220182707945
0.00505444321564501
0.005050841199209344
0.0050481067438414625
0.005046417124877567
0.005043594284222471
0.005040620124907214
0.005038948531007596
0.00503724242473107
0.005035867731545714
0.005034569314827845
0.005033503257316552
0.005032237888842269
0.005030778968919014
0.0048131948070325465
0.004812139009065264
0.0048117591205319886
0.00481084308973018
0.004809563929551578
0.0048085260701916654
0.004807784919364548
0.004807056643124334
0.004761824604420206
0.004761391150608
0.004761126915631031
0.004760457194303406
0.004759976995398226
0.004759290932674901
0.004758809156642156
0.004758064565753143
0.004757430508560297
0.004756972684861416
0.004753544982825608
0.00475335153891621
0.004752809761181298
0.004752433567948452
0.00475217793695301
0.0047518536924783285
0.0047474948885519695
0.004680493909817303
0.00465685239598647
0.0046568006327969685
0.0046528174651354615
0.0046438266615141015
0.004637769189123527
0.004637612747437525
0.004477279127301977
0.004454953593500821
0.004454874052514324
0.004454798700566509
0.004411070698036593
0.004393336457357344
0.004350649628198407
0.004350564709948002
0.004253448066206303
0.004113259504411992
0.004113187467523264
0.004113117124540929
0.004113029197678575
0.004112988531876982
0.0040894000833731885
0.004089380002143043
0.004081379809165627
0.00408135658927867
0.004081307267841897
0.004081283272418357
0.004081236626123134
0.004078964689456066
0.004077268698876679
0.004076378437168623
0.0040725473508527255
0.0040725168024968355
0.004069561072615754
0.004069548487351882
0.0040695349704938525
0.004066078414839905
0.004066055690205887
0.004066033881186478
0.0040660149282895405
0.004057331996027699
0.00405732031159571
0.004057305194363466
0.004057293042406633
0.004057280241430898
0.004051954056463262
0.00405194713538991
0.004051898058750051
0.0040518910489576124
0.004051884281960305
0.0040502618476243295
0.004050256515950975
0.004040131143996658
0.004040079750311199
0.004039690889117101
0.004034942426884022
0.004034937770628884
0.00403493023136737
0.004034851708567174
0.004034654401233103
0.004033706640143427
0.004033704497012869
0.004033560224853494
0.004033307989238048
0.004033304802270843
0.0040332491141610305
0.004032377278894413
0.004032374576635263
0.004032213640837227
0.004031709269695634
0.004031707463595628
0.004031705620003482
0.004029339038534815
0.004029338056476158
0.00402933612889526
0.004027982717189109
0.004027981079947392
0.004027905802084087
0.004027905107778903
0.004027851796008167
0.004027850692368577
0.0040278502572566564
0.004027743028998706
0.004027668256677908
0.004027667029784532
0.004027666533517294
0.004027660183846867
0.004027659694640062
0.004027637598690722
0.004027565876531688
0.0040275464565103745
0.004027531427070148
0.004027511526965962
0.0040274923807312535
0.004027464526779993
0.004027463989316519
0.004027462897426896
0.0040268520641780214
0.004026788661264813
0.004026786705490533
0.0040267862842710295
0.0040267741400916044
0.004026768105904843
0.004026586791152246
0.004026586555052795
0.004026557870804874
0.004026547841255297
0.004026519552935922
0.004026503168962799
0.004026495384350629
0.004026495228149451
0.004026495052626052
0.004026493570994153
0.004026418040854914
0.004026417867037361
0.004026402520160562
0.004026371530202999
0.004026327254865414
0.004026327166355303
0.0040082423193320525
0.004008235133047874
0.004008235083298865
0.00400820163227977
0.004008130719804385
0.004008114191683776
0.004008114092680052
0.0040080682804692425
0.004008067011631788
0.004008047541131162
0.004007956302226109
0.004007956278788176
0.004007867898189743
0.0040078673004026785
0.004007865213820975
0.00400786349494046
0.0040078610581077275
0.004007859668579431
0.004007858927473658
0.004007829985745041
0.004007826310356522
0.004007824326644123
0.004007798066702665
0.0039519403417560585
0.003905586027225986
0.003890183319145509
0.003888778918417657
0.0038887768092285596
0.003866941241458462
0.0038496412301311732
0.003849640841107693
0.003842549270212958
0.003835825665394806
0.0038354028163141225
0.0035365382216336933
0.0035357911985840445
0.0035308385361639567
0.003529409213571022
0.003522940940401313
0.003522172397235764
0.003522172311406243
0.003426701678933212
0.0034267015381644413
0.0034103421496697833
0.003399103798999222
0.0033991034508808952
0.003399091801322148
0.0033990915488086564
0.003399087078730112
0.003398521361627634
0.00339680374663186
0.003396803509769967
0.0033968034669663917
0.0033819628438646722
0.003381962842379301
0.003276185353000231
0.0032760030967981116
0.003276002859979436
0.0032091029255249945
0.0032091028535493208
0.0031969209256533385
0.0031968970361442675
0.0031710861598825005
0.003171085053640351
0.0031518862945193052
0.003150081377218916
0.0031499370625123796
0.003149355539884524
0.0031485814828865403
0.003148581482322806
0.0031464893832695573
0.0031460233877226183
0.003145801025066952
0.0031455467877491944
0.0031455467874262157
0.00314554678671524
0.0031454357818985275
0.0031447218219924616
0.0031438822836194146
0.0031435306178103565
0.0031428544462551943
0.0031418912687492715
0.0031418911564033425
0.00314165046188238
0.003139853302531159
0.0031395688077479017
0.0031375555071970875
0.00313755543115114
0.0031375553610973883
0.003136589929545212
0.0031365899290276963
0.0031351929979048674
0.0031349338523505446
0.0031348537908114133
0.003133040960661515
0.0031328918381496947
0.003131243330233846
0.0031307253365224293
0.003129835297986979
0.003129123856194234
0.0031288411694818884
0.0031280656643667896
0.0031268573537428955
0.003126220075498624
0.0031261589378285787
0.003125988327516897
0.0031256978379065603
0.0031256351175488234
0.0031254654130731326
0.0031254654045254774
0.0031254653985849294
0.0031250868966902915
0.003125059315396524
0.0031249370539105184
0.0031248899937567558
0.003124822584650307
0.0031244590827506154
0.0031244590824579753
0.0031243271988064757
0.003124136791620865
0.0031240878055231497
0.0031240442780368417
