0.14187010040003345
0.1568611071211906
0.06495466051910859
0.4533550642930608
0.0774337408304343
0.1967592934452902
0.05334978441605409
0.1379540865300244
0.1936175477202553
0.0742688759652812
0.13881393224611416
0.2978835376405119
0.1665575328409642
0.08169659365111148
0.4266833125174112
0.0669016172845397
0.0440028735966389
0.10905433270502929
0.10168027389382772
0.1844149392861396
0.08087268059373343
0.05671119967791116
0.4048601463334728
0.22481767033411149
0.3250354548288885
0.43762766744885273
0.3386814116126029
0.09478031035077383
0.41089746867671817
0.1933218323472521
