1030.6205858702308
3674.329672839468
2142.7265289485863
591.0618191609459
835.7186520006424
731.2920983453847
267.9122744247429
79395.0443732006
768.3072674495398
801.8433947803892
192.35012428354213
431.5920567062355
629.5284131249497
831.274800898848
397.8935466379217
3617.2341462620284
176.89313277480326
11181.206424524855
717.1732181204864
1796.160994345611
90474.02000922838
249.6217010935414
3129.814000645138
3246.8901125848756
6034.405781160753
488.9649495131489
90228.81580000116
1084.41237702318
38944.62642027994
493.9555915078389
