1.9236395006165916
1.4962031642083593
1.4942884077114946
1.469282492030719
1.4224876233764046
1.3698368096181648
1.3261293470043845
1.2901991199319178
1.2619226249314364
1.2357761913690557
1.2219046630032822
1.1996126310292512
1.1722072014020992
1.15732865925769
1.1399177943206562
1.125115366766448
1.114836822682892
1.1078352414795514
1.1020164034053328
1.0906190819395354
1.0843440769336858
1.0791463521052975
1.070111567751887
1.0646797543188438
1.0603267363466908
1.0571838878516795
1.052410050060517
1.049790849711435
1.0452350158013233
1.042887552851037
1.0414353345692193
1.038495519333528
1.0347735033729255
1.0282526677674386
1.0251471702322943
1.0208498591316568
1.016745883426498
1.0116848052491578
1.0080305633328501
1.0003927512568136
0.99385437873536
0.9865976858677225
0.9817532257272945
0.9756229481827441
0.9651436724897196
0.9561714503124956
0.9494702787797373
0.9407366337833067
0.9365579712546288
0.9203846315006017
0.9060651156132039
0.8813788529404891
0.85965632306486
0.8396829774693857
0.8322594991670942
0.800293755123493
0.7854837345791807
0.7754293157451831
0.7639051387310697
0.7388172196505661
0.7243079113569136
0.7129988343963677
0.7066017269733492
0.6918536327874568
0.6767441308808462
0.6656115188779531
0.6456672332603723
0.6329494729945011
0.6142739366364768
0.5990271977842535
0.5853897946918541
0.5709338838402477
0.5517372049776955
0.5294238711445072
0.5152053558694797
0.4994342359612692
0.4893611423493993
0.4716178626079776
0.45124552859740125
0.43950757351212844
0.4233008390904
0.4054732305127221
0.3923152288374054
0.37805903130210905
0.3625748076573903
0.3439638168033913
0.3287296003029792
0.3129941762220893
0.29928965822706805
0.28489308215871334
0.2691482460602463
0.26380081864881916
0.2498796799776563
0.24056867095814571
0.23279102088693474
0.22746024726432887
0.21767372571719626
0.21215796006165125
0.20597825919675675
0.1911906349702446
