1.3569199924092594E8
4.178975444409945E7
3.854417596607523E7
3.557115802510191E7
3.0449964134988826E7
2.247591764653311E7
1.583107962617231E7
1.3068973747751227E7
1.1024926720458252E7
9143808.432676237
8052637.1315512685
6720338.024021936
5772220.110104868
4675369.410735291
3784790.7312294184
3373715.1994828116
2742222.941813433
2488091.0889917114
2016724.434536705
1706451.2773839768
1474321.906729668
1224083.8059651789
1141565.656737315
1007306.638037881
969532.5084969566
883669.9840678418
756588.6922152494
655662.4072470682
567680.305292515
540812.6706773781
508688.0229085439
424823.4461089355
378396.0125219512
350434.62243475683
295728.47671446664
266140.7653369825
249188.39872540435
232292.38447991753
211797.92165019677
192266.52099710653
170305.69167833403
153590.74425079653
137840.0673110496
124690.52310993696
120966.89478853646
115734.38423981416
105529.66442002536
95009.19601336555
88019.54393556129
80735.73951614092
76199.86801896458
70733.79922005734
67142.46944690686
64187.87157277703
59796.17733272614
55512.90784218286
52319.36286612181
48742.20914105045
44406.54928350409
41843.97128412873
39266.1739856148
37071.225471658756
34266.50846347102
31752.435355470367
30521.713385592106
29892.287665122003
28644.98668927867
27395.055687298638
25880.904899746794
24871.827338897223
24165.039208807713
23414.399906638027
23010.72766744804
22285.296059192333
21443.035000806376
20474.564948535026
19696.91854200435
19464.55686321872
18757.50645850872
18276.25516697802
17788.560639880943
17242.57733350973
16659.201959639006
16471.732349995767
16257.697400763993
15737.580847494466
15384.725586965973
14963.763754194371
14575.169509783627
14393.66337840974
13739.134463512268
13382.658339240075
13218.736164546968
12888.415181093334
12737.517810494906
12340.211839620575
12114.514826935983
11826.137131872503
11723.245964172645
11486.189675591258
